Rank after SVD: 60

Eigenvalues in decreasing order:
7.832091742946424E7
4.206969722938931E7
3.132356101244697E7
2.0193587125823546E7
1.758396138523137E7
1.2107132545946693E7
1.1421858763180897E7
7381169.850325888
4931799.071104145
3764516.3963499875
2942896.8275048947
2632621.9776131026
1938468.5214428755
1285692.0259988683
993595.020722547
877670.2113518716
772364.5346583016
642849.1136763706
287910.95824481966
258656.45300475042
156257.16544084647
111058.4435362903
97194.5128384138
80444.87580089507
72535.54275960759
48658.2297006613
36903.97061550293
35480.307258065826
29687.50980738591
24870.020968535944
18806.307857955715
15459.55861329023
11921.227763457484
11244.771624270596
10526.958592755835
9736.884858054314
7301.801389253655
6699.397202053863
6311.284769928632
4401.683756924732
3512.018921306846
3080.9097290735667
2915.8983762388475
2045.1350681722254
1738.3176000336252
1628.5095796727119
1341.8705106892198
1100.6705817634852
783.6137756748689
652.0291768829638
502.75997079073136
234.46463583875658
185.7470245859099
149.6937240296055
86.5288690263271
66.03305015166643
22.20295057964483
7.112542502153578
3.8929675173858693
0.2526991877285029


Normalized Eigenvalues in decreasing order:
0.32291095691694
0.17345003908799297
0.12914456817598843
0.08325656486669537
0.07249728404176617
0.04991675128745512
0.04709142160279864
0.030431980341416996
0.020333418065570395
0.015520803787438482
0.01213333119512123
0.010854092493965175
0.007992152617162808
0.005300806681556946
0.004096513798097108
0.0036185649645940894
0.0031843979764388385
0.002650416124624596
0.0011870341421553986
0.0010664201275186317
6.442359522036245E-4
4.5788519150464157E-4
4.00725300185528E-4
3.316678695359495E-4
2.990583140715737E-4
2.0061403811664076E-4
1.5215215623870667E-4
1.4628250465435668E-4
1.223992582698939E-4
1.0253713226389157E-4
7.753692201008976E-5
6.373853919455064E-5
4.9150280551676395E-5
4.636130531509417E-5
4.340181887773686E-5
4.01444072681605E-5
3.0104750444794026E-5
2.7621085557765048E-5
2.6020928652532322E-5
1.8147794492759682E-5
1.4479776639630597E-5
1.2702347488278921E-5
1.2022018712840284E-5
8.43193036499652E-6
7.166946175751102E-6
6.714216380242373E-6
5.53242613705991E-6
4.537977879634286E-6
3.230777708705387E-6
2.688264800200552E-6
2.0728396524948423E-6
9.666791759693087E-7
7.658203124028556E-7
6.17175401633838E-7
3.5675169310159844E-7
2.722490506041658E-7
9.154101169090053E-8
2.9324451000605824E-8
1.6050397614631653E-8
1.041858793278726E-9
